306508400
520000000
087000031
003010080
900863005
050090600
130000250
000000074
005206300

800000000
003600000
070090200
050007000
000045700
000100030
001000068
008500010
090000400

006200030
050061002
903008100
000809006
504100008
000000000
872000040
461050000
000000000

070840090
800000001
000610000
000009017
562008300
000005860
105000008
000000074
000090000

080000960
020006057
000900000
009001070
000000001
704000005
001000008
000042000
430600020

003007000
000084300
008120040
700000106
000000000
010000027
000950602
300000050
000070000

000001000
009002407
000070058
000700506
000000000
625000010
001020003
040000060
053008000

000013670
000007000
904200000
000004010
002005700
300000050
100000402
006000000
500900000
